1 2 2
6 11 5
7 12 4
8 13 4
9 14 7
9 2 8
10 14 7
10 2 8
11 14 7
11 2 8
12 3 8
1 3 1
12 15 6
13 3 8
13 15 6
14 16 2
14 17 1
15 18 2
15 19 1
16 20 3
16 21 3
16 22 3
2 4 3
17 23 3
17 24 3
18 25 3
18 26 3
18 27 3
19 28 3
19 29 3
20 30 5
21 31 5
22 32 5
2 5 3
23 33 4
24 34 4
25 35 5
26 36 5
27 37 5
28 38 4
29 39 4
30 14 7
30 16 8
31 14 7
2 6 3
31 16 8
32 14 7
32 16 8
33 17 8
33 15 6
34 17 8
34 15 6
35 14 7
35 18 8
36 14 7
3 7 3
36 18 8
37 14 7
37 18 8
38 19 8
38 15 6
39 19 8
39 15 6
3 8 3
4 9 5
5 10 5
14
15
