=====================
TSS Analysis Results:
=====================
Places:
1 # Active Task
2 # Active Task_signal
3 # Available Computing Nodes_1
4 # Available Computing Nodes_2
5 # Available Computing Nodes_3
6 # Available Computing Nodes_4
7 # Data Read
8 # Node Chosen
9 # Pending Tasks_1
10 # Pending Tasks_2
11 # Ploc
12 # Pstor
13 # Result

Transitions:
1 # choosing node_1
2 # choosing node_2
3 # choosing node_3
4 # choosing node_4
5 # computation using distributed data  finished successfully_1
6 # computation using distributed data  finished successfully_2
7 # computation using distributed data  finished successfully_3
8 # computation using distributed data  finished successfully_4
9 # computation using local data  finished successfully_1
10 # computation using local data  finished successfully_2
11 # computation using local data  finished successfully_3
12 # computation using local data  finished successfully_4
13 # node runtime error_1
14 # node runtime error_2
15 # node runtime error_3
16 # node runtime error_4
17 # reading local data
18 # reading data  from  distributed storage
19 # store data into  distributed storage_1
20 # store data into  distributed storage_2
21 # store data locally_1
22 # store data locally_2

Incidence matrix:
[ 0,  0,  0,  0, -1, -1, -1, -1, -1, -1, -1, -1,  0,  0,  0,  0,  0,  0,  1,  1,  1,  1]
[ 0,  0,  0,  0,  1,  1,  1,  1,  1,  1,  1,  1,  0,  0,  0,  0,  0,  0, -1, -1, -1, -1]
[-1,  0,  0,  0,  1,  0,  0,  0,  1,  0,  0,  0,  1,  0,  0,  0,  0,  0,  0,  0,  0,  0]
[ 0, -1,  0,  0,  0,  1,  0,  0,  0,  1,  0,  0,  0,  1,  0,  0,  0,  0,  0,  0,  0,  0]
[ 0,  0, -1,  0,  0,  0,  1,  0,  0,  0,  1,  0,  0,  0,  1,  0,  0,  0,  0,  0,  0,  0]
[ 0,  0,  0, -1,  0,  0,  0,  1,  0,  0,  0,  1,  0,  0,  0,  1,  0,  0,  0,  0,  0,  0]
[ 0,  0,  0,  0, -1, -1, -1, -1, -1, -1, -1, -1, -1, -1, -1, -1,  1,  1,  0,  0,  0,  0]
[ 1,  1,  1,  1,  0,  0,  0,  0,  0,  0,  0,  0,  0,  0,  0,  0, -1, -1,  0,  0,  0,  0]
[ 0,  0,  0,  0,  0,  0,  0,  0,  0,  0,  0,  0,  0,  0,  0,  0,  0,  0,  0,  0,  0,  0]
[ 0,  0,  0,  0,  0,  0,  0,  0,  0,  0,  0,  0,  0,  0,  0,  0,  0,  0,  0,  0,  0,  0]
[ 0,  0,  0,  0,  0,  0,  0,  0, -1, -1, -1, -1,  0,  0,  0,  0,  0,  0,  0,  0,  1,  1]
[ 0,  0,  0,  0, -1, -1, -1, -1,  0,  0,  0,  0,  0,  0,  0,  0,  0,  0,  1,  1,  0,  0]
[ 0,  0,  0,  0,  0,  0,  0,  0,  0,  0,  0,  0,  0,  0,  0,  0,  0,  0,  0,  0,  0,  0]
================================
There are 26 T-invariants
[1, 0, 0, 0, 0, 0, 0, 0, 0, 0, 0, 0, 1, 0, 0, 0, 1, 0, 0, 0, 0, 0]
[1, 0, 0, 0, 0, 0, 0, 0, 0, 0, 0, 0, 1, 0, 0, 0, 0, 1, 0, 0, 0, 0]
[1, 0, 0, 0, 1, 0, 0, 0, 0, 0, 0, 0, 0, 0, 0, 0, 1, 0, 1, 0, 0, 0]
[1, 0, 0, 0, 1, 0, 0, 0, 0, 0, 0, 0, 0, 0, 0, 0, 0, 1, 1, 0, 0, 0]
[1, 0, 0, 0, 1, 0, 0, 0, 0, 0, 0, 0, 0, 0, 0, 0, 1, 0, 0, 1, 0, 0]
[1, 0, 0, 0, 1, 0, 0, 0, 0, 0, 0, 0, 0, 0, 0, 0, 0, 1, 0, 1, 0, 0]
[0, 1, 0, 0, 0, 0, 0, 0, 0, 0, 0, 0, 0, 1, 0, 0, 1, 0, 0, 0, 0, 0]
[0, 1, 0, 0, 0, 0, 0, 0, 0, 0, 0, 0, 0, 1, 0, 0, 0, 1, 0, 0, 0, 0]
[0, 1, 0, 0, 0, 1, 0, 0, 0, 0, 0, 0, 0, 0, 0, 0, 1, 0, 1, 0, 0, 0]
[0, 1, 0, 0, 0, 1, 0, 0, 0, 0, 0, 0, 0, 0, 0, 0, 0, 1, 1, 0, 0, 0]
[0, 1, 0, 0, 0, 1, 0, 0, 0, 0, 0, 0, 0, 0, 0, 0, 1, 0, 0, 1, 0, 0]
[0, 1, 0, 0, 0, 1, 0, 0, 0, 0, 0, 0, 0, 0, 0, 0, 0, 1, 0, 1, 0, 0]
[0, 0, 1, 0, 0, 0, 0, 0, 0, 0, 0, 0, 0, 0, 1, 0, 1, 0, 0, 0, 0, 0]
[0, 0, 1, 0, 0, 0, 0, 0, 0, 0, 0, 0, 0, 0, 1, 0, 0, 1, 0, 0, 0, 0]
[0, 0, 1, 0, 0, 0, 1, 0, 0, 0, 0, 0, 0, 0, 0, 0, 1, 0, 1, 0, 0, 0]
[0, 0, 0, 1, 0, 0, 0, 0, 0, 0, 0, 0, 0, 0, 0, 1, 1, 0, 0, 0, 0, 0]
[0, 0, 0, 1, 0, 0, 0, 1, 0, 0, 0, 0, 0, 0, 0, 0, 1, 0, 1, 0, 0, 0]
[1, 1, 0, 0, 0, 1, 0, 0, 1, 0, 0, 0, 0, 0, 0, 0, 2, 0, 1, 0, 1, 0]
[1, 1, 0, 0, 0, 1, 0, 0, 1, 0, 0, 0, 0, 0, 0, 0, 1, 1, 1, 0, 1, 0]
[1, 1, 0, 0, 0, 1, 0, 0, 1, 0, 0, 0, 0, 0, 0, 0, 2, 0, 1, 0, 0, 1]
[1, 1, 0, 0, 0, 1, 0, 0, 1, 0, 0, 0, 0, 0, 0, 0, 1, 1, 1, 0, 0, 1]
[1, 1, 0, 0, 0, 1, 0, 0, 1, 0, 0, 0, 0, 0, 0, 0, 1, 1, 1, 0, 1, 0]
[1, 1, 0, 0, 0, 1, 0, 0, 1, 0, 0, 0, 0, 0, 0, 0, 0, 2, 1, 0, 1, 0]
[0, 2, 0, 0, 0, 1, 0, 0, 0, 1, 0, 0, 0, 0, 0, 0, 2, 0, 1, 0, 1, 0]
[0, 1, 1, 0, 0, 1, 0, 0, 0, 0, 1, 0, 0, 0, 0, 0, 2, 0, 1, 0, 1, 0]
[0, 1, 0, 1, 0, 1, 0, 0, 0, 0, 0, 1, 0, 0, 0, 0, 2, 0, 1, 0, 1, 0]
All-zero columns: 
none; PN is repeatable
=======================
There are 8 S-invariants
[0, 0, 0, 0, 0, 0, 0, 0, 1, 0, 0, 0, 0]
[0, 0, 0, 0, 0, 0, 0, 0, 0, 1, 0, 0, 0]
[0, 0, 0, 0, 0, 0, 0, 0, 0, 0, 0, 0, 1]
[1, 1, 0, 0, 0, 0, 0, 0, 0, 0, 0, 0, 0]
[0, 0, 1, 1, 1, 1, 1, 1, 0, 0, 0, 0, 0]
[0, 1, 0, 0, 0, 0, 0, 0, 0, 0, 1, 1, 0]
[1, 1, 1, 1, 1, 1, 1, 1, 0, 0, 0, 0, 0]
[0, 1, 1, 1, 1, 1, 1, 1, 0, 0, 1, 1, 0]
=======================
All-zero columns: 
none; PN is bounded
